# Robot camera relative extrinsics composed through the ceiling camera.
# Convention: T_A_B maps homogeneous points from frame B into frame A:
#   p_A = T_A_B * p_B
# Units: meters.
#
# Source transforms:
#   - Extrinsics/Front/extrinsics_to_ceiling/extrinsics_report_ceiling_front.md
#   - Extrinsics/Back/extrinsics_to_ceiling/extrinsics_report_ceiling_back.md
#   - Extrinsics/Left/extrinsics_to_ceiling/extrinsics_report_ceiling_Left.md
#   - Extrinsics/Right/extrinsics_to_ceiling/extrinsics_report_ceiling_Right.md
#
# Composition:
#   T_front_camera = inverse(T_ceiling_front) * T_ceiling_camera
#   T_camera_front = inverse(T_front_camera)
#   T_left_right = inverse(T_ceiling_left) * T_ceiling_right
#   T_right_left = inverse(T_ceiling_right) * T_ceiling_left

reference_frame: front

transforms:
  T_front_front:
    from_frame: front
    to_frame: front
    translation_xyz: [0.000000000000, 0.000000000000, 0.000000000000]
    euler_zyx_deg:
      roll: 0.000000000000
      pitch: -0.000000000000
      yaw: 0.000000000000
    matrix:
      - [1.000000000000, 0.000000000000, 0.000000000000, 0.000000000000]
      - [0.000000000000, 1.000000000000, 0.000000000000, 0.000000000000]
      - [0.000000000000, 0.000000000000, 1.000000000000, 0.000000000000]
      - [0.000000000000, 0.000000000000, 0.000000000000, 1.000000000000]

  T_front_back:
    from_frame: back
    to_frame: front
    translation_xyz: [0.013713289475, 0.382024108444, -1.126370286840]
    euler_zyx_deg:
      roll: 136.792652559150
      pitch: 4.079831618146
      yaw: -175.243066291518
    matrix:
      - [-0.994030091421, -0.108987105311, -0.005097849658, 0.013713289475]
      - [-0.082718656477, 0.722330753934, 0.686582775050, 0.382024108444]
      - [-0.071146336096, 0.682905625364, -0.727033771675, -1.126370286840]
      - [0.000000000000, 0.000000000000, 0.000000000000, 1.000000000000]

  T_back_front:
    from_frame: front
    to_frame: back
    translation_xyz: [-0.034905175077, 0.494751415372, -1.081130502366]
    euler_zyx_deg:
      roll: 136.639086055628
      pitch: 0.292086511020
      yaw: -173.742988419125
    matrix:
      - [-0.994030091541, -0.082718656426, -0.071146335604, -0.034905175077]
      - [-0.108987105651, 0.722330753019, 0.682905625755, 0.494751415372]
      - [-0.005097849238, 0.686582774266, -0.727033772113, -1.081130502366]
      - [0.000000000000, 0.000000000000, 0.000000000000, 1.000000000000]

  T_front_left:
    from_frame: left
    to_frame: front
    translation_xyz: [-0.225743044399, 0.024940565276, -0.345875848108]
    euler_zyx_deg:
      roll: 87.776497835662
      pitch: -68.617201241346
      yaw: -100.490213193504
    matrix:
      - [-0.066381335346, 0.207556592643, -0.975968123585, -0.225743044399]
      - [-0.358503377190, 0.907848668297, 0.217453730382, 0.024940565276]
      - [0.931165316441, 0.364322737578, 0.014145532331, -0.345875848108]
      - [0.000000000000, 0.000000000000, 0.000000000000, 1.000000000000]

  T_left_front:
    from_frame: front
    to_frame: left
    translation_xyz: [0.316023745745, 0.150222633975, -0.220848836543]
    euler_zyx_deg:
      roll: 86.278109382358
      pitch: 77.413497470409
      yaw: 107.735462668424
    matrix:
      - [-0.066381335671, -0.358503377124, 0.931165316785, 0.316023745745]
      - [0.207556592809, 0.907848667458, 0.364322737393, 0.150222633975]
      - [-0.975968124464, 0.217453730121, 0.014145532529, -0.220848836543]
      - [0.000000000000, 0.000000000000, 0.000000000000, 1.000000000000]

  T_front_right:
    from_frame: right
    to_frame: front
    translation_xyz: [0.235135658590, 0.022294157438, -0.270338502603]
    euler_zyx_deg:
      roll: 62.683293642475
      pitch: 71.565516346397
      yaw: 81.530311539268
    matrix:
      - [0.046574840574, -0.329757457946, 0.942916116414, 0.235135658590]
      - [0.312771342830, 0.901289952239, 0.299750744405, 0.022294157438]
      - [-0.948685864721, 0.280956297245, 0.145116119254, -0.270338502603]
      - [0.000000000000, 0.000000000000, 0.000000000000, 1.000000000000]

  T_right_front:
    from_frame: front
    to_frame: right
    translation_xyz: [-0.274390695925, 0.133397541600, -0.189165418167]
    euler_zyx_deg:
      roll: 64.167325497351
      pitch: -70.547192594660
      yaw: -81.960737922531
    matrix:
      - [0.046574840992, 0.312771343575, -0.948685865939, -0.274390695925]
      - [-0.329757457961, 0.901289952251, 0.280956297046, 0.133397541600]
      - [0.942916116983, 0.299750744678, 0.145116118907, -0.189165418167]
      - [0.000000000000, 0.000000000000, 0.000000000000, 1.000000000000]

  T_left_right:
    from_frame: right
    to_frame: left
    translation_xyz: [0.040692758517, 0.120775847951, -0.449309878639]
    euler_zyx_deg:
      roll: 148.545742045115
      pitch: -0.523580051665
      yaw: -177.018469546560
    matrix:
      - [-0.998604656551, -0.039608991613, -0.034926588242, 0.040692758517]
      - [-0.052011869134, 0.852150315009, 0.520705872111, 0.120775847951]
      - [0.009138068612, 0.521795906237, -0.853021411400, -0.449309878639]
      - [0.000000000000, 0.000000000000, 0.000000000000, 1.000000000000]

  T_right_left:
    from_frame: left
    to_frame: right
    translation_xyz: [0.051023580258, 0.133140677439, -0.444738380715]
    euler_zyx_deg:
      roll: 148.599051675564
      pitch: 2.001553189362
      yaw: -177.728591542574
    matrix:
      - [-0.998604657659, -0.052011868736, 0.009138068659, 0.051023580258]
      - [-0.039608992065, 0.852150315807, 0.521795906141, 0.133140677439]
      - [-0.034926588464, 0.520705872473, -0.853021411024, -0.444738380715]
      - [0.000000000000, 0.000000000000, 0.000000000000, 1.000000000000]

